1.000 0.988 0.972 0.947 0.914 0.901 0.905 0.908 0.906 0.911 0.902 0.918 0.832 0.901
0.988 1.000 0.965 0.948 0.917 0.903 0.907 0.909 0.900 0.909 0.895 0.915 0.833 0.908
0.972 0.965 1.000 0.965 0.891 0.887 0.886 0.894 0.886 0.891 0.888 0.921 0.814 0.897
0.947 0.948 0.965 1.000 0.872 0.872 0.867 0.879 0.862 0.869 0.866 0.911 0.800 0.892
0.914 0.917 0.891 0.872 1.000 0.966 0.983 0.974 0.935 0.932 0.826 0.896 0.875 0.928
0.901 0.903 0.887 0.872 0.966 1.000 0.972 0.978 0.926 0.921 0.810 0.896 0.867 0.923
0.905 0.907 0.886 0.867 0.983 0.972 1.000 0.992 0.949 0.941 0.813 0.897 0.883 0.928
0.908 0.909 0.894 0.879 0.974 0.978 0.992 1.000 0.949 0.942 0.811 0.907 0.888 0.937
0.906 0.900 0.886 0.862 0.935 0.926 0.949 0.949 1.000 0.965 0.808 0.893 0.861 0.896
0.911 0.909 0.891 0.869 0.932 0.921 0.941 0.942 0.965 1.000 0.813 0.893 0.857 0.893
0.902 0.895 0.888 0.866 0.826 0.810 0.813 0.811 0.808 0.813 1.000 0.864 0.742 0.810
0.918 0.915 0.921 0.911 0.896 0.896 0.897 0.907 0.893 0.893 0.864 1.000 0.838 0.906
0.832 0.833 0.814 0.800 0.875 0.867 0.883 0.888 0.861 0.857 0.742 0.838 1.000 0.922
0.901 0.908 0.897 0.892 0.928 0.923 0.928 0.937 0.896 0.893 0.810 0.906 0.922 1.000

1:RandomForestClassifier_raw
2:RandomForestClassifier_tfidf
3:ExtraTreesClassifier_raw
4:ExtraTreesClassifier_tfidf
5:SGDClassifier_raw
6:SGDClassifier_tfidf
7:LogisticRegression_raw
8:LogisticRegression_tfidf
9:xgboost_raw
10:xgboost_tfidf
11:KNeighborsClassifier_raw
12:KNeighborsClassifier_tfidf
13:MultinomialNB_raw
14:MultinomialNB_tfidf 